Q= [  3.850763       0.000000      0.2143088E-01  0.2508398     ;
      0.000000       3.800000       0.000000       0.000000     ;
     0.2143088E-01   0.000000       4.208740      0.8591373E-01 ;
     0.2508398       0.000000      0.8591373E-01   5.040497     ];
c= [  10.19727      -19.00000       29.00999      -28.88907     ]';
eps= 1e-9
