Q= [  2.991543       0.000000      0.2896483       4.906052     ;
      0.000000       19.00000       0.000000       0.000000     ;
     0.2896483       0.000000       22.91176      0.3917915     ;
      4.906052       0.000000      0.3917915       26.32669     ];
c= [ -18.43414      -95.00000       158.9005      -140.4995     ]';
eps= 1e-9
